15,20
15,19
15,18
15,17
15,16
15,15
15,14
15,13
15,12
15,11
15,10
15,9
15,8
15,7
15,5
15,4
15,2
15,1
15,0
15,88
27,3
14,6
14,5
21,161
14,4
14,2
14,1
14,0
23,3
13,3
13,2
15,87
21,160
13,1
13,0
12,3
12,2
21,159
16,3
15,86
12,1
21,158
12,0
21,3
11,4
11,3
11,2
11,1
11,0
10,3
10,2
15,85
14,3
10,1
15,84
10,0
9,23
9,22
9,21
9,20
9,19
9,18
9,17
9,16
15,3
9,15
9,14
9,13
9,12
9,11
9,10
9,9
9,8
9,7
9,5
9,4
9,3
9,2
9,1
9,0
8,4
8,3
8,2
8,1
8,0
7,3
7,2
7,1
7,0
6,3
6,2
6,1
6,0
5,3
5,2
5,1
5,0
4,3
2,3
1,3
0,437
0,419
0,324
0,243
0,9
0,0
0,1
0,300
0,299
0,298
0,297
0,296
0,295
0,294
0,293
0,292
0,291
0,290
0,289
0,288
0,287
0,286
0,285
0,284
0,283
0,282
0,281
0,280
0,279
0,278
0,277
0,276
0,275
0,274
0,273
0,272
0,271
0,270
15,21
15,22
31,3
21,162
15,25
15,26
15,28
15,30
15,31
15,33
15,34
15,36
15,65
15,66
15,68
15,69
15,71
15,72
15,74
15,76
15,77
15,79
15,80
15,82
15,89
15,90
15,92
15,93
15,95
15,96
15,98
15,100
15,101
15,103
15,104
15,106
15,108
15,109
15,111
15,112
15,114
15,115
15,117
16,0
16,1
16,4
16,5
16,7
16,9
16,10
16,12
16,13
16,14
16,16
21,163
16,18
16,19
16,21
16,22
16,24
16,26
16,27
16,29
16,30
16,32
16,34
16,35
16,37
16,38
16,40
16,41
16,43
16,45
16,46
16,48
16,49
16,51
16,53
16,54
16,56
16,57
16,59
16,60
16,62
16,64
16,65
16,67
16,68
16,70
16,72
16,73
16,75
16,76
16,78
16,80
16,81
16,83
16,84
16,86
16,87
16,89
16,91
16,92
16,94
16,95
16,97
16,99
16,100
16,102
16,103
16,105
16,106
16,108
16,110
16,111
16,113
16,114
16,116
16,118
16,119
16,121
16,122
16,124
16,125
16,127
16,129
16,130
16,132
16,133
16,193
16,195
16,196
16,198
16,199
16,201
16,202
16,204
16,207
16,256
16,258
16,259
16,261
16,263
16,264
16,266
16,267
16,269
16,271
16,272
16,274
16,275
16,277
16,278
24,3
17,1
21,164
17,3
17,4
18,0
18,1
21,166
18,3
19,0
19,1
19,2
20,0
21,168
20,2
21,1
21,169
21,4
21,7
21,8
21,10
21,11
21,13
21,14
21,16
21,18
21,19
21,21
21,22
21,24
21,26
21,170
21,28
21,29
21,31
21,33
21,34
21,36
21,64
21,66
21,67
21,69
21,71
21,72
21,74
21,75
21,77
21,79
21,80
21,82
21,83
21,85
21,86
21,88
21,90
21,91
21,93
21,94
21,96
21,98
21,99
21,101
21,102
21,104
21,105
21,107
21,109
21,110
21,112
21,113
21,115
21,117
21,118
21,120
21,121
21,123
21,124
21,126
21,128
21,129
21,131
21,132
21,134
21,136
21,137
21,139
21,140
21,142
21,144
21,145
21,147
21,148
21,150
21,151
21,153
21,155
21,156
21,171
21,172
21,174
21,176
21,177
21,179
21,180
21,182
21,183
21,185
21,187
21,188
21,190
21,191
21,193
21,195
21,196
21,198
21,199
21,201
21,202
21,204
21,206
21,207
21,209
21,210
21,212
21,214
21,215
21,217
21,218
21,220
21,222
21,223
21,225
21,226
21,228
21,229
21,231
21,233
21,234
21,236
21,237
21,239
21,241
21,242
21,244
21,245
21,247
21,248
21,250
21,252
21,253
21,255
21,256
21,258
21,260
21,261
21,263
21,264
21,266
21,267
21,269
21,271
21,272
21,274
21,275
21,277
21,279
21,280
21,282
21,283
21,285
21,287
21,288
21,290
21,291
21,293
21,294
21,296
21,298
21,299
21,301
21,302
21,304
21,306
21,307
21,309
21,310
21,312
21,313
21,315
21,317
21,318
21,320
21,321
21,323
21,325
21,326
21,328
21,329
21,331
21,332
21,334
21,336
21,337
21,339
21,340
21,342
21,344
21,345
21,347
21,348
21,350
21,351
21,353
21,355
21,356
21,358
21,359
21,361
21,363
21,364
21,366
21,367
21,369
21,371
21,372
21,374
21,375
21,377
21,378
21,380
21,382
21,383
21,385
21,386
21,388
21,390
21,391
21,393
21,394
21,396
21,397
21,399
21,401
21,402
21,404
21,405
21,407
21,409
21,410
21,412
21,413
21,415
21,416
21,418
21,420
21,421
21,423
21,424
21,426
21,428
21,429
21,431
21,432
21,434
21,436
21,437
21,439
21,440
21,442
21,443
21,445
21,447
21,448
21,450
21,451
22,0
22,127
22,2
22,5
22,6
22,8
22,9
22,11
22,13
22,14
22,16
22,17
22,19
22,21
22,22
22,24
22,129
22,26
22,27
22,29
22,31
22,32
22,34
22,35
22,37
22,40
22,41
22,43
22,44
22,46
22,47
22,49
22,51
22,64
22,66
22,67
22,69
22,71
22,72
22,74
22,75
22,77
22,79
22,80
22,82
22,83
22,85
22,86
22,88
22,90
22,91
22,93
22,94
22,96
22,98
22,99
22,101
22,102
22,104
22,105
22,107
22,109
22,110
22,112
22,113
22,115
22,117
22,118
22,120
22,130
22,122
22,123
22,125
22,128
22,131
22,133
22,134
22,136
22,138
22,139
22,141
22,142
22,144
22,146
22,147
22,149
22,150
22,152
22,153
22,155
22,157
22,158
22,160
22,161
22,163
22,165
22,166
22,168
22,169
22,171
22,172
22,174
22,176
22,177
22,179
22,180
22,182
22,184
22,185
22,187
22,188
22,190
22,191
22,193
22,195
22,196
22,198
22,199
22,201
22,203
22,204
22,206
22,207
22,209
22,210
22,212
22,214
22,215
22,217
22,218
22,220
22,222
22,223
22,225
22,226
22,228
22,230
22,231
22,233
22,234
22,236
22,237
22,239
22,241
22,242
22,244
22,245
22,247
22,249
22,250
22,252
22,253
22,255
23,0
23,2
24,1
24,2
25,1
25,2
25,4
26,1
26,2
27,0
27,1
28,0
28,1
29,0
29,2
29,3
30,1
30,2
30,4
30,7
30,8
30,10
30,11
30,13
31,0
31,1
31,4
31,2
30,14
30,12
30,9
30,5
30,3
30,0
29,1
28,2
27,2
26,3
26,0
25,3
25,0
24,0
23,1
22,254
22,251
22,248
22,246
22,243
22,240
22,238
22,235
22,232
22,229
22,227
22,224
22,221
22,219
22,216
22,213
22,211
22,208
22,205
22,202
22,200
22,197
22,194
22,192
22,189
22,186
22,183
22,181
22,178
22,175
22,173
22,170
22,167
22,164
22,162
22,159
22,156
22,154
22,151
22,148
22,145
22,143
22,140
22,137
22,135
22,132
22,126
22,124
22,121
22,119
22,116
22,114
22,111
22,108
22,106
22,103
22,100
22,97
22,95
22,92
22,89
22,87
22,84
22,81
22,78
22,76
22,73
22,70
22,68
22,65
22,50
22,48
22,45
22,42
22,38
22,36
22,33
22,30
22,28
22,25
22,23
22,20
22,18
22,15
22,12
22,10
22,7
22,4
22,1
22,3
21,449
21,446
21,444
21,441
21,438
21,435
21,433
21,430
21,427
21,425
21,422
21,419
21,417
21,414
21,411
21,408
21,406
21,403
21,400
21,398
21,395
21,392
21,389
21,387
21,384
21,381
21,379
21,376
21,373
21,370
21,368
21,365
21,362
21,360
21,357
21,354
21,352
21,349
21,346
21,343
21,341
21,338
21,335
21,333
21,330
21,327
21,324
21,322
21,319
21,316
21,314
21,311
21,308
21,305
21,303
21,300
21,297
21,295
21,292
21,289
21,286
21,284
21,281
21,278
21,276
21,273
21,270
21,268
21,265
21,262
21,259
21,257
21,254
21,251
21,249
21,246
21,243
21,240
21,238
21,235
21,232
21,230
21,227
21,224
21,221
21,219
21,216
21,213
21,211
21,208
21,205
21,203
21,200
21,197
21,194
21,192
21,189
21,186
21,184
21,181
21,178
21,175
21,173
21,157
21,154
21,152
21,149
21,146
21,143
21,141
21,138
21,135
21,133
21,130
21,127
21,125
21,122
21,119
21,116
21,114
21,111
21,108
21,106
21,103
21,100
21,97
21,95
21,92
21,89
21,87
21,84
21,81
21,78
21,76
21,73
21,70
21,68
21,65
21,35
21,32
21,30
21,27
21,25
21,23
21,20
21,17
21,15
21,12
21,9
21,5
21,2
21,0
20,1
19,3
21,167
18,2
21,165
28,3
17,2
17,0
16,279
16,276
16,273
16,270
16,268
16,265
16,262
16,260
16,257
16,205
16,203
16,200
16,197
16,194
16,192
16,131
16,128
16,126
16,123
16,120
16,117
16,115
16,112
16,109
16,107
16,104
16,101
16,98
16,96
16,93
16,90
16,88
16,85
16,82
16,79
16,77
16,74
16,71
16,69
16,66
16,63
16,61
16,58
16,55
16,52
16,50
16,47
16,44
16,42
16,39
16,36
16,33
16,31
16,28
16,25
16,23
16,20
16,17
16,15
20,3
16,11
16,8
16,6
16,2
15,118
15,116
15,113
15,110
15,107
15,105
15,102
15,99
15,97
15,94
15,91
15,83
15,81
15,78
15,75
15,73
15,70
15,67
15,64
15,35
15,32
15,29
15,27
15,24
15,23
0,269
0,440
0,268
0,439
0,267
0,438
0,266
0,436
0,265
0,435
0,264
0,434
0,263
0,433
0,262
0,432
0,261
0,431
0,260
0,430
0,259
0,429
0,258
0,428
0,257
0,427
0,256
0,426
0,255
0,425
0,254
0,424
0,253
0,423
0,252
0,422
0,251
0,421
0,250
0,420
0,249
0,417
0,248
0,416
0,247
0,415
0,246
0,414
0,245
0,413
0,244
0,412
0,242
0,411
0,241
0,410
0,240
0,409
0,239
0,408
0,238
0,407
0,237
0,406
0,236
0,405
0,235
0,234
0,233
0,397
0,232
0,396
0,231
0,395
0,230
0,394
0,229
0,228
0,227
0,226
0,364
0,225
0,363
0,224
0,362
0,223
0,361
0,222
0,360
0,221
0,359
0,220
0,358
0,219
0,357
0,218
0,356
0,217
0,355
0,216
0,354
0,215
0,353
0,214
0,352
0,213
0,351
0,212
0,350
0,211
0,349
0,210
0,348
0,209
0,208
0,342
0,207
0,341
0,206
0,340
0,205
0,339
0,204
0,338
0,203
0,337
0,202
0,336
0,201
0,335
0,200
0,334
0,199
0,333
0,198
0,332
0,197
0,331
0,196
0,330
0,195
0,329
0,194
0,328
0,193
0,327
0,192
0,326
0,63
0,325
0,62
0,323
0,61
0,322
0,60
0,321
0,59
0,320
0,58
0,319
0,57
0,318
0,56
0,317
0,55
0,316
0,54
0,315
0,53
0,314
0,52
0,313
0,51
0,312
0,50
0,311
0,49
0,310
0,48
0,309
0,47
0,308
0,46
0,307
0,45
0,301
0,6
0,5
0,304
0,303
0,306
0,305
0,302
0,12
0,418
0,10
0,8
0,11
0,4
0,2
0,3
0,7
